72294 42166
18076 39774
65474 71974
28884 72730
35129 31897
19708 5096
29287 61596
33336 56964
46680 21023
27395 24195
13088 8954
50010 37538
30879 50976
67532 70074
49200 1865
41208 10176
3207 12337
20699 55371
60086 19582
64077 61447
66138 21623
54854 63262
38454 10615
73426 47526
38340 64593
168997 280685
199778 360437
107652 368544
101473 144880
215819 105996
231982 173819
334014 245373
172395 280458
316021 350683
273573 354197
238998 323770
236899 193236
174608 185807
324648 77410
137969 277248
252708 333988
102821 268148
267965 314595
78251 173642
143254 301877
104790 94374
198873 334617
166621 301510
125766 281025
171103 95090
378816 704498
488127 681466
850200 411631
721215 341442
702313 518308
831276 442088
575903 399214
366998 429781
546124 747264
530450 563610
394640 809480
544758 728922
778213 422192
401137 420709
662725 512384
300292 841638
311224 656480
387489 648882
631293 314427
347230 611264
301588 325504
884694 599992
483302 765890
305501 493860
489554 668095
607933 922019
686582 1306206
1316466 1180572
1492725 737393
720126 1531024
1416618 739930
1563113 872904
1524778 1505930
822777 1228493
726287 1091141
935850 1593431
836615 1491233
770187 805533
1343287 872748
1021109 1189771
637197 743021
876968 1482002
1387937 945411
885123 1356377
1035015 1584875
1239072 1065553
694579 780125
1514058 1596710
1209609 670933
1313884 1407185
479505 117151
482183 501754
304964 227019
530319 232619
680053 624513
259842 474256
250910 313070
498455 324667
632502 472268
395375 144484
713340 185087
283994 403133
637763 202284
696106 445107
340794 454340
514572 255776
629751 115902
430120 812638
357983 605923
620245 468614
580724 352931
631257 198198
610652 560005
337373 294913
254090 630699
22 22
22 21
21 22
42 1